TSPlib Results

a280 : 2579
att532 : 27686
berlin52 : 7542
eil51 : 426
eil76 : 538
kroA100 : 21282
kroB200 : 29437
kroE100 : 22068
lin105 : 14379
pr1002 : 259045
pr264 : 49135
pr76 : 108159
rat195 : 2323
st70 : 675
ts225 : 126643

berlin52 : 7542 : 0.0017383338397
eil51 : 426 : 0.0308392034776
eil76 : 538 : 0.0300936097709
pr76 : 108159 : 0.000132297753149
st70 : 675 : 0.0191309968538